# EL SYMPE SNRME
         1  0.3670476E-21  0.0000000E+00
         2  0.2541099E-21  0.0000000E+00
         3  0.3670476E-21  0.0000000E+00
         4  0.7340952E-21  0.0000000E+00
         5  0.7905641E-21  0.0000000E+00
         6  0.4517509E-21  0.0000000E+00
         7  0.4517509E-21  0.0000000E+00
         8  0.6776264E-21  0.0000000E+00
         9  0.6776264E-21  0.0000000E+00
        10  0.9201144E-21  0.4440892E-16
        11  0.1919941E-20  0.0000000E+00
        12  0.1914537E-20  0.9992007E-16
        13  0.1259962E-20  0.1110223E-16
        14  0.2050526E-20  0.0000000E+00
        15  0.2728152E-20  0.0000000E+00
        16  0.2268019E-20  0.0000000E+00
        17  0.1472161E-20  0.0000000E+00
        18  0.3187789E-20  0.0000000E+00
        19  0.1932294E-20  0.0000000E+00
        20  0.3197660E-20  0.8881784E-16
        21  0.5424981E-20  0.2220446E-16
        22  0.2743813E-20  0.6661338E-16
        23  0.2294048E-22  0.0000000E+00
        24  0.5905959E-20  0.2220446E-16
        25  0.1810974E-20  0.1110223E-16
        26  0.2268019E-20  0.0000000E+00
        27  0.7685059E-20  0.0000000E+00
        28  0.1364517E-20  0.0000000E+00
        29  0.3617978E-20  0.0000000E+00
        30  0.3180895E-20  0.0000000E+00
        31  0.2724623E-20  0.0000000E+00
        32  0.1830161E-20  0.2220446E-16
        33  0.9233541E-21  0.0000000E+00
        34  0.8390479E-20  0.1110223E-16
        35  0.3615772E-20  0.0000000E+00
        36  0.4811324E-20  0.4440892E-16
        37  0.1147906E-20  0.0000000E+00
        38  0.6612372E-20  0.1110223E-16
        39  0.2946969E-20  0.0000000E+00
        40  0.5889195E-20  0.0000000E+00
        41  0.2954027E-20  0.0000000E+00
        42  0.2717564E-20  0.0000000E+00
        43  0.9283834E-20  0.0000000E+00
        44  0.7258014E-20  0.0000000E+00
        45  0.5682179E-20  0.0000000E+00
        46  0.9582501E-20  0.5551115E-16
        47  0.3176374E-20  0.0000000E+00
        48  0.2427279E-20  0.5551115E-16
        49  0.5895702E-20  0.0000000E+00
        50  0.6774333E-21  0.6661338E-16
        51  0.9084870E-20  0.2220446E-16
        52  0.8807378E-20  0.4440892E-16
        53  0.7286248E-20  0.0000000E+00
        54  0.7085078E-20  0.6661338E-16
        55  0.1467485E-19  0.0000000E+00
        56  0.1018910E-19  0.1110223E-15
        57  0.9819185E-20  0.4440892E-16
        58  0.1025263E-19  0.0000000E+00
        59  0.1245933E-19  0.4440892E-16
        60  0.1156553E-19  0.0000000E+00
        61  0.1217442E-19  0.1110223E-15
        62  0.8812672E-20  0.0000000E+00
        63  0.1025792E-19  0.1443290E-15
        64  0.6938612E-20  0.1110223E-16
        65  0.1641391E-19  0.1110223E-15
        66  0.1078026E-19  0.2220446E-16
        67  0.1467661E-19  0.0000000E+00
        68  0.1000028E-19  0.8881784E-16
        69  0.8629148E-20  0.0000000E+00
        70  0.1270549E-19  0.6661338E-16
        71  0.6569992E-20  0.1110223E-16
        72  0.1843620E-19  0.3330669E-16
        73  0.4630447E-20  0.0000000E+00
        74  0.1072026E-19  0.7771561E-16
        75  0.1264197E-19  0.0000000E+00
        76  0.1941117E-19  0.1443290E-15
        77  0.1149494E-19  0.1110223E-16
        78  0.1207816E-19  0.7771561E-16
        79  0.1013947E-19  0.8881784E-16
        80  0.1473131E-19  0.2220446E-16
        81  0.1321901E-19  0.1110223E-15
        82  0.8865612E-20  0.0000000E+00
        83  0.1353135E-19  0.6661338E-16
        84  0.1121260E-19  0.0000000E+00
        85  0.1879840E-19  0.8881784E-16
        86  0.1203846E-19  0.0000000E+00
        87  0.1265344E-19  0.1443290E-15
        88  0.1335842E-19  0.0000000E+00
        89  0.1142965E-19  0.9992007E-16
        90  0.7035667E-20  0.2220446E-16
        91  0.5908937E-20  0.1110223E-16
        92  0.1455286E-19  0.8881784E-16
        93  0.9288246E-20  0.1110223E-16
        94  0.1419133E-19  0.9992007E-16
        95  0.1256609E-19  0.1110223E-16
        96  0.1742417E-19  0.1443290E-15
        97  0.6707442E-20  0.3330669E-16
        98  0.1769769E-19  0.1110223E-15
        99  0.8682088E-20  0.0000000E+00
       100  0.1472514E-19  0.8881784E-16
       101  0.1306548E-19  0.0000000E+00
       102  0.1527549E-19  0.1221245E-15
       103  0.7990344E-20  0.1110223E-16
       104  0.9548311E-20  0.7771561E-16
       105  0.1001175E-19  0.9992007E-16
       106  0.9698527E-20  0.2220446E-16
       107  0.1632127E-19  0.1110223E-15
       108  0.1045027E-19  0.1110223E-16
       109  0.2205462E-19  0.8881784E-16
       110  0.5932760E-20  0.1110223E-16
       111  0.2150493E-19  0.7771561E-16
       112  0.8826017E-20  0.0000000E+00
       113  0.1718352E-19  0.9992007E-16
       114  0.1334959E-19  0.0000000E+00
       115  0.1355694E-19  0.6661338E-16
       116  0.6368629E-20  0.0000000E+00
       117  0.8706793E-20  0.9992007E-16
       118  0.1573981E-19  0.7771561E-16
       119  0.7849172E-20  0.1110223E-16
       120  0.1510454E-19  0.1332268E-15
       121  0.1418780E-19  0.1110223E-16
       122  0.3572714E-19  0.9992007E-16
       123  0.8720910E-20  0.3330669E-16
       124  0.1930000E-19  0.5551115E-16
       125  0.1270549E-19  0.0000000E+00
       126  0.2194518E-19  0.1221245E-15
       127  0.1582540E-19  0.1110223E-16
       128  0.8216220E-20  0.5551115E-16
       129  0.9253835E-20  0.0000000E+00
       130  0.1431574E-19  0.6661338E-16
       131  0.1328783E-19  0.1110223E-16
       132  0.1067262E-19  0.0000000E+00
       133  0.2958968E-19  0.1221245E-15
       134  0.8611502E-20  0.2220446E-16
       135  0.3144522E-19  0.1110223E-15
       136  0.8606869E-20  0.0000000E+00
       137  0.1843355E-19  0.7771561E-16
       138  0.7044491E-20  0.0000000E+00
       139  0.1926647E-19  0.9992007E-16
       140  0.2005351E-19  0.3330669E-16
       141  0.1876796E-19  0.9992007E-16
       142  0.6878613E-20  0.0000000E+00
       143  0.1616509E-19  0.7771561E-16
       144  0.2044107E-19  0.5551115E-16
       145  0.7909170E-20  0.0000000E+00
       146  0.2071437E-19  0.9992007E-16
       147  0.1461132E-19  0.1110223E-16
       148  0.1745947E-19  0.8881784E-16
       149  0.1507366E-19  0.0000000E+00
       150  0.2111406E-19  0.5551115E-16
       151  0.9255600E-20  0.0000000E+00
       152  0.2293695E-19  0.1554312E-15
       153  0.1270549E-19  0.1110223E-16
       154  0.1883942E-19  0.1332268E-15
       155  0.1390546E-19  0.5551115E-16
       156  0.1282108E-19  0.5551115E-16
       157  0.1911603E-19  0.7771561E-16
       158  0.8375038E-20  0.1110223E-16
       159  0.1596745E-19  0.9992007E-16
       160  0.1053497E-19  0.1110223E-16
       161  0.1744888E-19  0.7771561E-16
       162  0.9550296E-20  0.1110223E-16
       163  0.2003939E-19  0.2220446E-16
       164  0.1218669E-19  0.1110223E-16
       165  0.1405810E-19  0.1332268E-15
       166  0.1317489E-19  0.2220446E-16
       167  0.2470447E-19  0.1110223E-15
       168  0.1472426E-19  0.1110223E-16
       169  0.1699933E-19  0.7771561E-16
       170  0.1301960E-19  0.1221245E-15
       171  0.1093378E-19  0.4440892E-16
       172  0.1540718E-19  0.5551115E-16
       173  0.7944463E-20  0.1110223E-16
       174  0.2005703E-19  0.1332268E-15
       175  0.3644006E-20  0.1110223E-16
       176  0.1906883E-19  0.5551115E-16
       177  0.9451476E-20  0.1110223E-16
       178  0.1482661E-19  0.4440892E-16
       179  0.1404354E-19  0.5551115E-16
       180  0.1994057E-19  0.2220446E-16
       181  0.1356091E-19  0.6661338E-16
       182  0.4157520E-20  0.1110223E-16
       183  0.1124127E-19  0.1776357E-15
       184  0.1694772E-19  0.4440892E-16
       185  0.1729006E-19  0.6661338E-16
       186  0.9098546E-20  0.2220446E-16
       187  0.1933706E-19  0.6661338E-16
       188  0.1154788E-19  0.0000000E+00
       189  0.1452662E-19  0.1221245E-15
       190  0.1268432E-19  0.3330669E-16
       191  0.1051997E-19  0.0000000E+00
       192  0.1183023E-19  0.0000000E+00
       193  0.1140671E-19  0.0000000E+00
       194  0.1377840E-19  0.0000000E+00
       195  0.5235281E-20  0.4440892E-16
       196  0.1369370E-19  0.1110223E-16
       197  0.1694772E-19  0.5551115E-16
       198  0.1425839E-19  0.0000000E+00
       199  0.1335974E-19  0.1554312E-15
       200  0.1615009E-19  0.3330669E-16
       201  0.1881825E-19  0.4440892E-16
       202  0.2078054E-19  0.1110223E-16
       203  0.2420750E-19  0.2220446E-16
       204  0.1270549E-19  0.0000000E+00
       205  0.6584799E-20  0.5551115E-16
       206  0.1550070E-19  0.2220446E-16
       207  0.2366045E-19  0.0000000E+00
       208  0.1654538E-19  0.0000000E+00
       209  0.2200874E-19  0.0000000E+00
       210  0.1480896E-19  0.0000000E+00
       211  0.3352839E-20  0.3330669E-16
       212  0.2764151E-19  0.0000000E+00
       213  0.1442074E-19  0.2220446E-16
       214  0.1020851E-19  0.1110223E-16
       215  0.2816032E-19  0.7771561E-16
       216  0.8371509E-20  0.0000000E+00
       217  0.1994763E-19  0.8881784E-16
       218  0.2305341E-19  0.1110223E-16
       219  0.1053144E-19  0.0000000E+00
       220  0.1170317E-19  0.0000000E+00
       221  0.1276196E-19  0.0000000E+00
       222  0.2547452E-19  0.0000000E+00
       223  0.2043291E-19  0.4440892E-16
       224  0.1910853E-19  0.0000000E+00
       225  0.2241284E-19  0.0000000E+00
       226  0.1572658E-19  0.0000000E+00
       227  0.3026025E-19  0.1221245E-15
       228  0.8540916E-20  0.0000000E+00
       229  0.2243226E-19  0.0000000E+00
       230  0.1132201E-19  0.0000000E+00
       231  0.3060330E-18  0.9992007E-16
       232  0.9853817E-20  0.1110223E-16
       233  0.1815728E-17  0.7771561E-16
       234  0.8385626E-20  0.0000000E+00
       235  0.3546598E-19  0.6661338E-16
       236  0.2032879E-19  0.1110223E-16
       237  0.8147222E-19  0.1332268E-15
       238  0.2408088E-19  0.1110223E-16
       239  0.2827601E-17  0.2886580E-15
       240  0.2487453E-19  0.2220446E-16
       241  0.1397587E-18  0.6661338E-16
       242  0.1663008E-19  0.1110223E-16
       243  0.6268044E-20  0.0000000E+00
       244  0.5392776E-20  0.0000000E+00
       245  0.3482144E-19  0.3330669E-16
       246  0.1513366E-19  0.1110223E-16
       247  0.1154788E-19  0.0000000E+00
       248  0.1252197E-19  0.0000000E+00
       249  0.3635095E-19  0.4440892E-16
       250  0.2750034E-19  0.1110223E-16
       251  0.2799444E-19  0.0000000E+00
       252  0.2572863E-19  0.0000000E+00
       253  0.2776150E-19  0.0000000E+00
       254  0.1353841E-19  0.0000000E+00
       255  0.1460073E-19  0.5551115E-16
       256  0.2318753E-19  0.2220446E-16
       257  0.1401840E-19  0.7771561E-16
       258  0.5428069E-20  0.0000000E+00
       259  0.3568441E-19  0.7771561E-16
       260  0.2049820E-19  0.1110223E-16
       261  0.1831797E-19  0.4440892E-16
       262  0.1146318E-19  0.2220446E-16
       263  0.5548066E-20  0.0000000E+00
       264  0.3393435E-19  0.0000000E+00
       265  0.6579505E-20  0.0000000E+00
       266  0.2735299E-19  0.0000000E+00
       267  0.4362043E-19  0.6661338E-16
       268  0.1652420E-19  0.0000000E+00
       269  0.2660301E-19  0.5551115E-16
       270  0.3221725E-19  0.0000000E+00
       271  0.3141345E-19  0.3330669E-16
       272  0.3836353E-20  0.0000000E+00
       273  0.4742679E-19  0.3330669E-16
       274  0.3801766E-19  0.0000000E+00
       275  0.2516835E-19  0.6661338E-16
       276  0.9536179E-20  0.2220446E-16
       277  0.2856078E-19  0.6661338E-16
       278  0.2666036E-19  0.2220446E-16
       279  0.2813561E-19  0.0000000E+00
       280  0.2456396E-19  0.0000000E+00
       281  0.2840384E-19  0.0000000E+00
       282  0.2672389E-19  0.0000000E+00
       283  0.2746504E-19  0.1110223E-15
       284  0.1917118E-19  0.2220446E-16
       285  0.4407042E-19  0.6661338E-16
       286  0.5262898E-19  0.1110223E-16
       287  0.4665387E-19  0.4440892E-16
       288  0.3502481E-19  0.0000000E+00
       289  0.2342046E-19  0.8881784E-16
       290  0.1305842E-19  0.1110223E-16
       291  0.2386515E-19  0.6661338E-16
       292  0.3207431E-19  0.1110223E-16
       293  0.3304840E-19  0.5551115E-16
       294  0.3146220E-19  0.5551115E-16
       295  0.2572157E-19  0.2220446E-16
       296  0.4043171E-19  0.6661338E-16
       297  0.9465593E-20  0.1110223E-16
       298  0.3137816E-19  0.1110223E-15
       299  0.1900177E-19  0.2220446E-16
       300  0.1617656E-19  0.9992007E-16
       301  0.3638007E-19  0.1110223E-16
       302  0.2538981E-19  0.2220446E-16
       303  0.3624242E-19  0.1110223E-15
       304  0.9613824E-20  0.2220446E-16
       305  0.5858645E-20  0.9992007E-16
       306  0.2607450E-19  0.2220446E-16
       307  0.3034848E-19  0.9992007E-16
       308  0.2198073E-19  0.1110223E-16
       309  0.1573893E-19  0.1221245E-15
       310  0.3539186E-19  0.4440892E-16
       311  0.4378454E-19  0.6661338E-16
       312  0.1031968E-19  0.0000000E+00
       313  0.3705063E-19  0.5551115E-16
       314  0.4054464E-19  0.1110223E-16
       315  0.7640943E-20  0.9992007E-16
       316  0.3027613E-19  0.9992007E-16
       317  0.3514481E-19  0.2220446E-16
       318  0.1690890E-19  0.6661338E-16
       319  0.1211257E-19  0.1110223E-16
       320  0.3715651E-19  0.1443290E-15
       321  0.3129610E-19  0.1110223E-16
       322  0.2003674E-19  0.7771561E-16
       323  0.2613450E-19  0.0000000E+00
       324  0.4211871E-19  0.7771561E-16
       325  0.2762033E-19  0.1110223E-16
       326  0.3309075E-19  0.4440892E-16
       327  0.4933967E-19  0.1110223E-16
       328  0.1796416E-19  0.9992007E-16
       329  0.4280340E-19  0.1110223E-15
       330  0.3332369E-19  0.2220446E-16
       331  0.4941026E-20  0.5551115E-16
       332  0.2576392E-20  0.0000000E+00
       333  0.4350926E-19  0.1110223E-15
       334  0.1725124E-19  0.1110223E-16
       335  0.5034552E-19  0.1221245E-15
       336  0.1998998E-19  0.3330669E-16
       337  0.3539892E-19  0.6661338E-16
       338  0.7764469E-20  0.1110223E-16
       339  0.2622802E-19  0.2109424E-15
       340  0.6002640E-19  0.2220446E-16
       341  0.2163110E-19  0.1110223E-15
       342  0.3078965E-19  0.4440892E-16
       343  0.3444601E-19  0.1110223E-16
       344  0.2796620E-19  0.8881784E-16
       345  0.1581128E-19  0.1110223E-16
       346  0.3489776E-19  0.5551115E-16
       347  0.4061523E-19  0.2220446E-16
       348  0.1966175E-19  0.3330669E-16
       349  0.4064611E-19  0.0000000E+00
       350  0.3791752E-19  0.1221245E-15
       351  0.2273578E-19  0.2220446E-16
       352  0.5191606E-19  0.6661338E-16
       353  0.3598478E-19  0.0000000E+00
       354  0.2526982E-19  0.5551115E-16
       355  0.2760622E-19  0.4440892E-16
       356  0.2484630E-19  0.0000000E+00
       357  0.7863995E-19  0.6661338E-16
       358  0.2069584E-19  0.0000000E+00
       359  0.6504242E-19  0.9992007E-16
       360  0.4407395E-19  0.1110223E-16
       361  0.5073021E-19  0.4440892E-16
       362  0.4192813E-19  0.0000000E+00
       363  0.4500166E-19  0.1443290E-15
       364  0.7228014E-20  0.3330669E-16
       365  0.2790268E-19  0.1110223E-15
       366  0.1637597E-19  0.0000000E+00
       367  0.3437542E-19  0.5551115E-16
       368  0.5476068E-19  0.9992007E-16
       369  0.5893938E-19  0.0000000E+00
       370  0.9214307E-19  0.1332268E-15
       371  0.7771527E-20  0.1110223E-16
       372  0.1069309E-18  0.1221245E-15
       373  0.2655801E-19  0.2220446E-16
       374  0.7297189E-19  0.1443290E-15
       375  0.3722710E-19  0.1110223E-16
       376  0.7637414E-19  0.1332268E-15
       377  0.2947675E-19  0.1110223E-16
       378  0.5927113E-19  0.1221245E-15
       379  0.3854000E-19  0.1110223E-16
       380  0.3769297E-19  0.2220446E-16
       381  0.4130697E-19  0.6661338E-16
       382  0.4195637E-19  0.1110223E-16
       383  0.6157930E-19  0.7771561E-16
       384  0.2270048E-19  0.2220446E-16
       385  0.7717882E-19  0.1665335E-15
       386  0.1736418E-19  0.3330669E-16
       387  0.4199872E-19  0.6661338E-16
       388  0.2775445E-19  0.0000000E+00
       389  0.8679264E-19  0.1554312E-15
       390  0.1565599E-19  0.0000000E+00
       391  0.8197867E-19  0.9992007E-16
       392  0.2510747E-19  0.1110223E-16
       393  0.4174108E-19  0.3330669E-16
       394  0.3041554E-19  0.9992007E-16
       395  0.4091169E-19  0.2220446E-16
       396  0.7060020E-19  0.1110223E-15
       397  0.3311899E-19  0.0000000E+00
       398  0.4300104E-19  0.1332268E-15
       399  0.4636094E-19  0.2220446E-16
       400  0.4590919E-19  0.1776357E-15
       401  0.4350926E-19  0.3330669E-16
       402  0.9986518E-19  0.1443290E-15
       403  0.3060612E-19  0.3330669E-16
       404  0.9193484E-19  0.7771561E-16
       405  0.3230019E-19  0.0000000E+00
       406  0.3812707E-19  0.3330669E-16
       407  0.2646978E-19  0.5551115E-16
       408  0.2326517E-19  0.0000000E+00
       409  0.3472835E-19  0.1110223E-15
       410  0.2385809E-19  0.0000000E+00
       411  0.4863381E-19  0.8881784E-16
       412  0.3976820E-19  0.1110223E-16
       413  0.5050434E-19  0.4440892E-16
       414  0.1127966E-19  0.1110223E-16
       415  0.3854706E-19  0.6661338E-16
       416  0.5332337E-19  0.4440892E-16
       417  0.2456396E-19  0.1110223E-16
       418  0.5214547E-19  0.2220446E-16
       419  0.1767475E-19  0.1110223E-16
       420  0.3838824E-19  0.5551115E-16
       421  0.3032378E-19  0.1110223E-16
       422  0.2667095E-19  0.1887379E-15
       423  0.4229518E-19  0.1110223E-16
       424  0.8326334E-19  0.2220446E-16
       425  0.5268545E-19  0.0000000E+00
       426  0.4483981E-19  0.1998401E-15
       427  0.3650712E-19  0.2220446E-16
       428  0.4672798E-20  0.0000000E+00
       429  0.2044173E-19  0.0000000E+00
       430  0.1287490E-19  0.0000000E+00
       431  0.4178696E-19  0.0000000E+00
       432  0.5407247E-19  0.3330669E-16
       433  0.2416867E-19  0.1110223E-16
       434  0.1228480E-18  0.1554312E-15
       435  0.3557538E-19  0.0000000E+00
       436  0.8968579E-19  0.1221245E-15
       437  0.5646886E-19  0.2220446E-16
       438  0.1014181E-18  0.1443290E-15
       439  0.4088346E-19  0.4440892E-16
       440  0.1321795E-18  0.8881784E-16
       441  0.5217723E-19  0.2220446E-16
       442  0.8742086E-19  0.5551115E-16
       443  0.4189990E-19  0.1110223E-16
       444  0.1535953E-19  0.0000000E+00
       445  0.2860148E-19  0.0000000E+00
       446  0.1423015E-19  0.0000000E+00
       447  0.4189990E-19  0.0000000E+00
       448  0.4245047E-19  0.7771561E-16
       449  0.2226285E-19  0.2220446E-16
       450  0.9053794E-18  0.4107825E-15
       451  0.4248929E-19  0.3330669E-16
       452  0.6952305E-18  0.5329071E-15
       453  0.4225283E-19  0.0000000E+00
       454  0.8837377E-19  0.1443290E-15
       455  0.3512363E-19  0.0000000E+00
       456  0.2766974E-19  0.0000000E+00
       457  0.2490277E-19  0.0000000E+00
       458  0.1818297E-19  0.0000000E+00
       459  0.2678036E-19  0.0000000E+00
       460  0.5001730E-19  0.4440892E-16
       461  0.2800856E-19  0.2220446E-16
       462  0.8899493E-19  0.3330669E-16
       463  0.4381984E-19  0.1110223E-16
       464  0.9599707E-20  0.0000000E+00
       465  0.4348102E-19  0.0000000E+00
       466  0.1194012E-16  0.2486900E-14
       467  0.3794708E-19  0.1110223E-16
       468  0.5400422E-16  0.1287859E-14
       469  0.6550388E-20  0.3330669E-16
       470  0.9183814E-18  0.3996803E-15
       471  0.6254632E-19  0.1110223E-16
